0 0.15921290625 0.3587630984375 0.0754995359375 0.4874484484375 0.139784040625 0.5730724125 0.1865648765625 0.5388324171875001 0.231684840625 0.461236084375 0.2333247546875 0.3979719921875 0.15921290625 0.3587630984375
0 0.216356875 0.349318425 0.2668044203125 0.3870694421875 0.2914937125 0.34139834062499996 0.31365709062499997 0.2758474890625 0.25650994374999997 0.2216184046875 0.216356875 0.349318425
0 0.0928516765625 0.7212936640625001 0.012893196874999999 0.7976076125 0.0562751453125 0.9046737828125 0.13332765156249998 0.9090774640625 0.13227178906249998 0.8466220046874999 0.1230357953125 0.7569539765625 0.0928516765625 0.7212936640625001
0 0.20686235625 0.71418131875 0.1312956171875 0.7471672500000001 0.1344579703125 0.907878515625 0.15141799375 0.916549425 0.209329534375 0.8776807921875 0.222790090625 0.78034475 0.20686235625 0.71418131875
0 0.40614234375 0.925270971875 0.4428300015625 0.8648221968750001 0.422378371875 0.790126996875 0.26236435 0.8050193890624999 0.26749325 0.794452034375 0.2207176546875 0.8553471359374999 0.2216912046875 0.9414743375000001 0.293349534375 0.93416773125 0.359175925 0.900234028125 0.3870889265625 0.88498201875 0.40614234375 0.925270971875
0 0.28978458125 0.49497194375 0.23847199375 0.48069751250000003 0.1941452359375 0.6117992140624999 0.20381113125 0.6764013953125 0.2558136578125 0.6612325125 0.27423063281250004 0.56068994375 0.28978458125 0.49497194375
0 0.273588953125 0.3932033171875 0.35830675156249997 0.46022960468749996 0.3812528609375 0.3948739109375 0.3684612859375 0.3561462125 0.32496813750000003 0.303840684375 0.273588953125 0.3932033171875
0 0.3385985625 0.185816259375 0.34122250468750004 0.26198958437500003 0.3806164203125 0.254042390625 0.391492328125 0.2804463265625 0.40948725625 0.244952265625 0.40755849218750007 0.165990734375 0.3385985625 0.185816259375
0 0.41572441250000003 0.5633914375 0.43760941875 0.40892517812499996 0.3759540953125 0.42612964687500005 0.33745665625 0.5705308953125 0.41572441250000003 0.5633914375
0 0.232249446875 0.6790495625 0.226685403125 0.6880276578125 0.2614038953125 0.785529953125 0.3284533953125 0.7800357703125 0.3643504671875 0.679409178125 0.232249446875 0.6790495625
0 0.44196082968750006 0.424817775 0.42667215468749997 0.5128134156249999 0.4706056828125 0.5933633109375 0.5434714046875 0.53453090625 0.5384090984375 0.4414611953125 0.4999573 0.3756049515625 0.44196082968750006 0.424817775
0 0.5151284984375 0.5748487609375 0.541152028125 0.6805485234375 0.61732639375 0.6417910250000001 0.6390520109375 0.5613233609375 0.5428884625 0.223424553125 0.512791896875 0.19074760156249998 0.46270503749999997 0.218240246875 0.4455033140625 0.307239678125 0.4596852453125 0.34039096562500004 0.47960108124999995 0.343875775 0.5095225453125 0.37058599999999997 0.55164629375 0.5350883671875 0.5151284984375 0.5748487609375
0 0.6528019765625 1 0.8235214859375001 0.6384128671875 0.903781984375 0.5932703218750001 0.9209013953125 0.5279426359375 0.89549596875 0.4697815171875 0.745232771875 0.538931896875 0.532161865625 0.9566911671874999 0.5354338875 1 0.6528019765625 1
0 0.97719135625 0.64563096875 0.9534389421875 0.5908435265625 0.8105731437499999 0.68701131875 0.6785087953125 0.8732374500000001 0.7063525828125 0.94829495625 0.8415609484375001 0.8294872156249999 0.9508621500000001 0.7545661640625 0.97719135625 0.64563096875
0 0.4599415546875 0.7595118484375 0.42936682499999995 0.948830684375 0.485370553125 0.93762095 0.49527814843750007 0.9045527874999999 0.52928050625 0.8982228624999999 0.55482174375 0.7624374031250001 0.4599415546875 0.7595118484375
0 0.3746082703125 0.65827446875 0.344975659375 0.7737898671875 0.409764521875 0.7706935781250001 0.4346132015625 0.651023878125 0.42311919062500003 0.577081296875 0.35902550624999996 0.5773893796875 0.3746082703125 0.65827446875
0 0.4090745828125 0.8001368890625 0.45186207500000003 0.801920409375 0.500900928125 0.7519549671875 0.5187050375 0.6305288609375 0.43329991874999996 0.6062734390625 0.4090745828125 0.8001368890625
0 0.525735 0.1154940453125 0.50235113125 0.1659329265625 0.54036255 0.2035448046875 0.637749209375 0.5698831375 0.6780055468749999 0.5251318 0.58373933125 0.10626388281250002 0.525735 0.1154940453125