1 0.279634 0.179551 0.088338 0.143072
1 0.212653 0.407560 0.121501 0.195454
1 0.190633 0.584265 0.117010 0.249438
1 0.285120 0.601353 0.105829 0.250135
1 0.355735 0.701288 0.117479 0.219646
1 0.255356 0.346602 0.101923 0.161035
1 0.326735 0.329807 0.078807 0.144123
1 0.310709 0.093209 0.056333 0.147690
1 0.387998 0.193544 0.106145 0.123020
1 0.150996 0.921504 0.127887 0.156992
1 0.467444 0.627828 0.152510 0.256727
1 0.499567 0.431830 0.155559 0.168582
1 0.418711 0.361572 0.121711 0.185467
1 0.624451 0.182013 0.096599 0.249981
1 0.498424 0.259995 0.081638 0.106669
1 0.653803 0.528658 0.131198 0.245154
1 0.566418 0.895824 0.131514 0.201331
1 0.529782 0.181685 0.077698 0.184359
1 0.836346 0.587799 0.296600 0.772077
1 0.925281 0.626339 0.149438 0.443444
