0 0.14609375 0.85234375 0.1859375 0.2953125
0 0.10546875 0.5375 0.190625 0.3140625
0 0.08828125 0.19765625 0.1765625 0.3078125
0 0.3703125 0.85625 0.18125 0.2875
0 0.27265625 0.66796875 0.1421875 0.2421875
0 0.26328125 0.415625 0.1359375 0.2046875
0 0.28828125 0.18671875 0.1890625 0.31875
0 0.49375 0.4859375 0.3359375 0.4109375
0 0.5625 0.82578125 0.1921875 0.3234375
0 0.4828125 0.14140625 0.20625 0.2671875
0 0.75 0.81875 0.18125 0.2859375
0 0.71171875 0.47890625 0.165625 0.353125
0 0.6703125 0.13984375 0.1875 0.2796875
0 0.9078125 0.79765625 0.184375 0.2953125
0 0.8953125 0.46015625 0.209375 0.3796875
0 0.86015625 0.153125 0.2203125 0.30625