0 0.76640625 0.08125 0.3359375 0.1625
0 0.434375 0.109375 0.3203125 0.20625
0 0.128125 0.17265625 0.25625 0.2078125
0 0.81484375 0.28203125 0.3015625 0.1953125
0 0.603125 0.23671875 0.246875 0.153125
0 0.35703125 0.29296875 0.2109375 0.1453125
0 0.15234375 0.3765625 0.3046875 0.203125
0 0.484375 0.49765625 0.4234375 0.3546875
0 0.83046875 0.47578125 0.3296875 0.2078125
0 0.14921875 0.57578125 0.275 0.21875
0 0.86328125 0.659375 0.2734375 0.19375
0 0.534375 0.709375 0.35625 0.1828125
0 0.1875 0.7609375 0.3046875 0.2015625
0 0.87265625 0.83359375 0.2546875 0.2328125
0 0.56484375 0.88984375 0.3859375 0.2203125
0 0.2390625 0.91171875 0.353125 0.1765625