4 0.33984375 0.46484375 0.1765625 0.15625
4 0.5609375 0.59140625 0.14609375 0.15859375
4 0.7078125 0.7453125 0.16796875 0.18046875
4 0.83125 0.7140625 0.14609375 0.2
4 0.5921875 0.1625 0.19296875 0.2265625
4 0.790625 0.35625 0.14296875 0.1640625
4 0.715625 0.50234375 0.1375 0.14921875
4 0.58984375 0.47890625 0.1234375 0.13203125
4 0.47890625 0.36640625 0.175 0.1546875
4 0.3203125 0.3640625 0.18828125 0.14921875
4 0.17578125 0.59609375 0.146875 0.12421875
4 0.21328125 0.75859375 0.2171875 0.26015625
4 0.3484375 0.890625 0.23203125 0.21875
4 0.5265625 0.77421875 0.19375 0.17890625
4 0.56015625 0.925 0.22578125 0.15
4 0.74765625 0.88046875 0.17734375 0.1578125
4 0.903125 0.86796875 0.184375 0.15859375
4 0.95078125 0.66171875 0.09765625 0.12734375
4 0.90859375 0.50703125 0.1828125 0.22734375
4 0.0578125 0.70234375 0.115625 0.2734375
4 0.13046875 0.92421875 0.26015625 0.1515625
4 0.92734375 0.29453125 0.14453125 0.16015625