4 0.30390625 0.5265625 0.384375 0.50078125
4 0.6109375 0.6109375 0.36484375 0.38046875
4 0.684375 0.28828125 0.3515625 0.3125
4 0.890625 0.44609375 0.21875 0.4109375
4 0.82109375 0.8234375 0.35703125 0.35234375
4 0.33359375 0.87734375 0.43671875 0.2453125
4 0.1109375 0.33828125 0.221875 0.25078125
4 0.11875 0.16484375 0.23671875 0.309375
4 0.4375 0.0734375 0.32890625 0.146875
4 0.6421875 0.11171875 0.3515625 0.2234375
4 0.88359375 0.1703125 0.2328125 0.25625
4 0.03984375 0.86796875 0.0796875 0.2546875