0 0.323803053125 0.2510873921875 0.309037428125 0.108691853125 0.23546489531249998 0.1080153828125 0.25413412812499997 0.2372655734375 0.323803053125 0.2510873921875
0 0.2734032546875 0.4575127015625 0.2498155828125 0.381330759375 0.18894645625 0.3098331734375 0.15190208593750001 0.3699800203125 0.15867344218749999 0.45616908125 0.1905668328125 0.4690278890625 0.2076869703125 0.4888697796875 0.23143036874999998 0.5052869156249999 0.2734032546875 0.4575127015625
0 0.249138228125 0.6901044546875 0.22902903437500002 0.54817641875 0.18512199375 0.459545721875 0.1323729859375 0.5424062546874999 0.133541446875 0.5821381484375 0.1321282734375 0.6363223765625 0.1746643078125 0.6653218421875 0.22848283125000002 0.7089833343749999 0.249138228125 0.6901044546875
0 0.2561496390625 0.4888977875 0.232206021875 0.549321115625 0.273084171875 0.7264209312500001 0.33803476093749996 0.598390834375 0.3027372578125 0.47628601406250004 0.2561496390625 0.4888977875
0 0.2969955828125 0.727174246875 0.3142392390625 0.748427978125 0.3620298546875 0.81111125625 0.414475040625 0.6984017140625001 0.3631813734375 0.61326255625 0.3358904265625 0.5914652031250001 0.2969955828125 0.727174246875
0 0.20439409375 0.336934621875 0.2630521453125 0.42712006718750006 0.3063170125 0.4204895890625 0.2727710390625 0.3096127078125 0.21742578125 0.2660847875 0.20439409375 0.336934621875
0 0.2873317875 0.335369103125 0.30776471875 0.4018685171875 0.352679840625 0.39651630625 0.36613886875 0.35692731875 0.3290008546875 0.25774587968749996 0.2873317875 0.335369103125
0 0.338875471875 0.0804737140625 0.3381443109375 0.01936385625 0.28254205468750004 0.02565106875 0.28440714218749996 0.0909296640625 0.3057146734375 0.11467314531249999 0.3133383828125 0.166644103125 0.3249124046875 0.167054153125 0.3364518921875 0.1319010484375 0.338875471875 0.0804737140625
0 0.44107000625000004 0.25505433437499997 0.43307573593750004 0.1988478578125 0.3349251578125 0.1320346203125 0.33758814843749996 0.23280958906250002 0.44107000625000004 0.25505433437499997
0 0.201889875 1 0.2149394734375 0.9762032453125 0.1437945734375 0.8430081953125 0.08705212500000001 0.94755781875 0.11497005625000001 1 0.201889875 1
0 0.3911888625 0.5553289796875001 0.4856829875 0.7561909484375 0.5436988640625 0.7511152171875 0.5351958984375 0.548420584375 0.5093749078124999 0.49946433125 0.3911888625 0.5553289796875001
0 0.48104898125 0.3867081078125 0.42178794531249997 0.4303042515625 0.48160216875 0.5161206015625 0.5200497546875 0.454428340625 0.57734675625 0.43234373593750003 0.5222362546875 0.34753850937499997 0.48104898125 0.3867081078125
0 0.4461220390625 0.26883881249999997 0.3836494828125 0.2757270984375 0.40699011562500004 0.3490853578125 0.35785539375000003 0.411712621875 0.4238877859375 0.45430554218749997 0.44502497500000004 0.3969730375 0.479566740625 0.3697660234375 0.4461220390625 0.26883881249999997
0 0.59066299375 0.057022514062499995 0.57615139375 0.20767006718749997 0.5918806046875 0.2731583546875 0.6440711203125 0.30700375 0.6727506640625001 0.1864149 0.6613991046875001 0.1006265578125 0.59066299375 0.057022514062499995
0 0.539242828125 0.3133297421875 0.5178884765625 0.2099221171875 0.45760474687499997 0.2066603765625 0.47221231875 0.312080915625 0.539242828125 0.3133297421875
0 0.6213972375 0.4171086421875 0.588204234375 0.51248471875 0.609197984375 0.55901800625 0.6934176984375 0.6512350375 0.7194020484375 0.49104786718750004 0.617355609375 0.40608106250000003 0.6213972375 0.4171086421875
0 0.535936371875 0.9964896578125 0.6321750421875 0.91836015625 0.6261670515625 0.8321043078124999 0.560628740625 0.7951587531250001 0.50066111875 0.8658470093749999 0.535936371875 0.9964896578125
0 0.5453896 0.10224018906250001 0.49581525156249995 0.08950561875 0.490933559375 0.1567971265625 0.5162036890625 0.173080690625 0.51839484375 0.259670465625 0.5350209 0.27386499375 0.5686312859375 0.2623885828125 0.5453896 0.10224018906250001
0 0.9088182874999999 0.4844346234375 0.93154895 0.401355059375 0.9846462703125001 0.33126787812499997 0.9810074078125 0.263299171875 0.9363937796874999 0.2017605890625 0.7798514640625 0.38190598593749997 0.746334721875 0.552710684375 0.688046584375 0.9063587921874999 0.7036522734374999 0.9704352406250001 0.8208698171875 0.973837446875 0.9088182874999999 0.4844346234375
0 1 0.4906111609375 0.9918326796875 0.40461680156249996 0.9017577265625001 0.50923734375 0.8505623546875001 0.776906084375 0.899094090625 0.8480604062499999 1 0.66153454375 1 0.4906111609375