1 0.154412 0.465918 0.157825 0.214309
1 0.265007 0.304344 0.097300 0.165451
1 0.073110 0.815186 0.120434 0.187784
1 0.177043 0.815365 0.091494 0.202368
1 0.331774 0.865801 0.222112 0.151347
1 0.241965 0.578549 0.095639 0.195704
1 0.327421 0.382035 0.107664 0.156389
1 0.374043 0.223219 0.070889 0.114456
1 0.387533 0.489728 0.100153 0.161606
1 0.295518 0.732290 0.137665 0.106480
1 0.485072 0.484484 0.116799 0.217758
1 0.542278 0.435648 0.193549 0.489801
1 0.726532 0.734891 0.388740 0.530218
1 0.827850 0.769569 0.298683 0.357451
1 0.492094 0.854171 0.125455 0.189319
1 0.389794 0.675436 0.089638 0.196709
1 0.463890 0.704097 0.109630 0.195647
1 0.590178 0.338074 0.175654 0.463619
