1 0.308401 0.161565 0.075532 0.150227
1 0.220880 0.382653 0.114176 0.198413
1 0.177585 0.558390 0.111877 0.252268
1 0.279501 0.582483 0.101149 0.246599
1 0.337739 0.687358 0.119540 0.221088
1 0.266857 0.324546 0.094253 0.164399
1 0.340804 0.314626 0.076628 0.141723
1 0.350765 0.080074 0.059770 0.145975
1 0.412068 0.184949 0.101149 0.131803
1 0.112068 0.905329 0.124904 0.189342
1 0.458811 0.627126 0.144061 0.253685
1 0.505555 0.432256 0.154789 0.164399
1 0.428543 0.356434 0.124904 0.182823
1 0.650382 0.193452 0.098084 0.253685
1 0.519348 0.260771 0.072031 0.113379
1 0.653064 0.542092 0.132567 0.250850
1 0.532758 0.898526 0.127969 0.198413
1 0.554980 0.184240 0.068199 0.187075
1 0.825861 0.620465 0.347892 0.759070
1 0.912547 0.664683 0.174906 0.433673
