1 0.2328125 0.69921875 0.0359375 0.059375
1 0.28046875 0.70546875 0.034375 0.09375
1 0.1796875 0.675 0.0515625 0.1
1 0.24921875 0.6390625 0.0375 0.0453125
1 0.3 0.615625 0.0265625 0.0875
1 0.33203125 0.56953125 0.0328125 0.109375
1 0.3328125 0.68984375 0.03125 0.0828125
1 0.378125 0.53515625 0.0453125 0.1015625
1 0.35546875 0.6453125 0.0578125 0.10625
1 0.3390625 0.50859375 0.046875 0.0875
1 0.4140625 0.59140625 0.034375 0.1
1 0.35703125 0.72421875 0.0375 0.1046875
1 0.309375 0.75 0.040625 0.08125
1 0.20546875 0.76796875 0.109375 0.084375
