1 0.157675 0.551724 0.145205 0.212644
1 0.226647 0.367816 0.076636 0.158046
1 0.171272 0.906609 0.143824 0.186782
1 0.255688 0.883621 0.107290 0.209770
1 0.423883 0.897989 0.217807 0.195402
1 0.266175 0.643678 0.071796 0.198276
1 0.306913 0.423851 0.104870 0.143678
1 0.308930 0.255747 0.083089 0.114943
1 0.396456 0.517241 0.074216 0.181034
1 0.346037 0.770833 0.131491 0.127874
1 0.488015 0.488506 0.125037 0.218391
1 0.522703 0.431034 0.254108 0.468391
1 0.778424 0.686063 0.273469 0.622126
1 0.881278 0.681753 0.235554 0.406609
1 0.574331 0.846983 0.100837 0.211207
1 0.429933 0.698276 0.095996 0.209770
1 0.511409 0.716236 0.100837 0.193966
1 0.550131 0.316092 0.257335 0.436782
